1 0 0
0.999759 0.000074 0
0.999035 0.000297 0
0.99783 0.000668 0
0.996145 0.001185 0
0.99398 0.001847 0
0.991338 0.002653 0
0.988221 0.003598 0
0.984631 0.004682 0
0.980572 0.0059 0
0.976046 0.007248 0
0.971059 0.008723 0
0.965613 0.010321 0
0.959714 0.012036 0
0.953367 0.013863 0
0.946577 0.015797 0
0.939351 0.017833 0
0.931693 0.019965 0
0.923612 0.022187 0
0.915114 0.024491 0
0.906208 0.026874 0
0.896899 0.029326 0
0.887198 0.031843 0
0.877113 0.034416 0
0.866653 0.03704 0
0.855828 0.039707 0
0.844647 0.042411 0
0.83312 0.045144 0
0.82126 0.047899 0
0.809075 0.05067 0
0.796579 0.053449 0
0.783782 0.05623 0
0.770697 0.059005 0
0.757336 0.061767 0
0.743712 0.064511 0
0.729837 0.067228 0
0.715726 0.069913 0
0.701391 0.072559 0
0.686848 0.075158 0
0.672109 0.077706 0
0.657189 0.080194 0
0.642103 0.082618 0
0.626866 0.084971 0
0.611492 0.087247 0
0.595998 0.089439 0
0.580398 0.091544 0
0.564709 0.093554 0
0.548945 0.095464 0
0.533123 0.097269 0
0.51726 0.098965 0
0.50137 0.100545 0
0.485471 0.102007 0
0.469578 0.103344 0
0.453709 0.104553 0
0.437879 0.105631 0
0.422105 0.106573 0
0.406404 0.107376 0
0.39062 0.108026 0
0.37482 0.108468 0
0.35914 0.108698 0
0.343599 0.108714 0
0.328213 0.108518 0
0.313001 0.10811 0
0.29798 0.107493 0
0.283167 0.10667 0
0.268581 0.105642 0
0.254236 0.104416 0
0.240151 0.102995 0
0.226341 0.101384 0
0.212823 0.099589 0
0.19961 0.097618 0
0.18672 0.095476 0
0.174166 0.093172 0
0.161962 0.090713 0
0.150121 0.088108 0
0.138658 0.085366 0
0.127583 0.082496 0
0.11691 0.079507 0
0.106649 0.07641 0
0.096811 0.073214 0
0.087405 0.06993 0
0.078442 0.066568 0
0.069929 0.063138 0
0.061876 0.059649 0
0.054289 0.056114 0
0.047175 0.05254 0
0.04054 0.048938 0
0.034391 0.045318 0
0.028731 0.041689 0
0.023565 0.038058 0
0.018897 0.034435 0
0.01473 0.030827 0
0.011066 0.027241 0
0.007908 0.023683 0
0.005256 0.020161 0
0.003112 0.016679 0
0.001476 0.013241 0
0.000348 0.009851 0
-0.000274 0.006513 0
-0.000389 0.003229 0
0 0 0
0.000882 -0.00313 0
0.002247 -0.006119 0
0.00409 -0.008966 0
0.006409 -0.011672 0
0.0092 -0.014235 0
0.012457 -0.016658 0
0.016176 -0.018939 0
0.020351 -0.021081 0
0.024976 -0.023082 0
0.030046 -0.024945 0
0.035554 -0.026671 0
0.041493 -0.02826 0
0.047855 -0.029715 0
0.054633 -0.031036 0
0.061819 -0.032226 0
0.069404 -0.033287 0
0.077382 -0.034222 0
0.085743 -0.035032 0
0.094478 -0.035722 0
0.103578 -0.036293 0
0.113034 -0.03675 0
0.122838 -0.037096 0
0.132979 -0.037335 0
0.143448 -0.037472 0
0.154236 -0.03751 0
0.165332 -0.037456 0
0.176727 -0.037314 0
0.18841 -0.037089 0
0.200373 -0.036788 0
0.212604 -0.036415 0
0.225094 -0.035977 0
0.237832 -0.035481 0
0.250807 -0.034933 0
0.26401 -0.034339 0
0.277429 -0.033706 0
0.291053 -0.033042 0
0.304872 -0.032352 0
0.318875 -0.031644 0
0.333049 -0.030924 0
0.347385 -0.0302 0
0.361869 -0.029478 0
0.37649 -0.028765 0
0.391237 -0.028067 0
0.406215 -0.027385 0
0.42146 -0.026678 0
0.436788 -0.02594 0
0.452183 -0.025176 0
0.467631 -0.02439 0
0.483118 -0.023586 0
0.49863 -0.022768 0
0.514151 -0.02194 0
0.529667 -0.021106 0
0.545163 -0.020269 0
0.560624 -0.019434 0
0.576036 -0.018602 0
0.591383 -0.017776 0
0.606651 -0.01696 0
0.621824 -0.016155 0
0.636888 -0.015364 0
0.651828 -0.014589 0
0.666629 -0.01383 0
0.681277 -0.01309 0
0.695756 -0.012369 0
0.710053 -0.011669 0
0.724153 -0.01099 0
0.738042 -0.010332 0
0.751706 -0.009697 0
0.76513 -0.009085 0
0.778301 -0.008495 0
0.791206 -0.007927 0
0.803832 -0.007382 0
0.816164 -0.006859 0
0.828192 -0.006358 0
0.839901 -0.005879 0
0.851279 -0.005421 0
0.862316 -0.004983 0
0.872998 -0.004567 0
0.883315 -0.00417 0
0.893256 -0.003793 0
0.902809 -0.003435 0
0.911966 -0.003097 0
0.920716 -0.002777 0
0.929049 -0.002475 0
0.936956 -0.002191 0
0.944429 -0.001925 0
0.95146 -0.001676 0
0.95804 -0.001445 0
0.964163 -0.001232 0
0.969822 -0.001035 0
0.97501 -0.000856 0
0.979722 -0.000693 0
0.983952 -0.000548 0
0.987696 -0.00042 0
0.990949 -0.000308 0
0.993708 -0.000214 0
0.99597 -0.000137 0
0.997732 -0.000077 0
0.998991 -0.000034 0
0.999748 -0.000009 0
1 0 0
